Size training set = 1000

Ratio training/testing = 0.8

Batch size = 32

Number of hidden layers = 3

Number of nodes = 30

Number of epochs = 150

Activation funtions = ELU and SIGMOID

nIn = 34

nOut = 90

Column     MSE            MAE            RMSE           RSE            PC             R^2            
col_0      1.71886e-02    1.06242e-01    1.31105e-01    1.01736e+00    1.10788e-01    -1.73623e-02   
col_1      1.76678e-02    1.13513e-01    1.32920e-01    9.74637e-01    1.86189e-01    2.53629e-02    
col_2      1.73642e-02    1.13790e-01    1.31773e-01    9.62315e-01    2.06389e-01    3.76853e-02    
col_3      1.27390e-02    9.82432e-02    1.12867e-01    9.62583e-01    2.14493e-01    3.74170e-02    
col_4      8.55118e-03    8.11269e-02    9.24726e-02    9.67203e-01    2.26118e-01    3.27972e-02    
col_5      1.33398e-03    3.00869e-02    3.65237e-02    1.86225e+00    5.73179e-02    -8.62246e-01   
col_6      1.45526e-03    3.20532e-02    3.81479e-02    1.97286e+00    5.73590e-02    -9.72864e-01   
col_7      1.41022e-03    3.18723e-02    3.75529e-02    1.33486e+00    3.15480e-01    -3.34861e-01   
col_8      1.09001e-03    2.56863e-02    3.30153e-02    2.57430e+00    3.26007e-01    -1.57430e+00   
col_9      1.26540e-03    2.87093e-02    3.55725e-02    1.86401e+00    3.07053e-01    -8.64007e-01   
col_10     2.16281e-03    3.78424e-02    4.65061e-02    1.68690e+00    -4.70726e-02   -6.86902e-01   
col_11     9.38227e-04    2.48622e-02    3.06305e-02    3.01040e+00    2.39214e-01    -2.01040e+00   
col_12     1.03355e-03    2.62948e-02    3.21488e-02    2.43654e+00    3.38374e-01    -1.43654e+00   
col_13     1.25788e-03    2.74889e-02    3.54666e-02    1.86568e+00    3.62238e-01    -8.65682e-01   
col_14     1.59853e-03    3.15191e-02    3.99816e-02    1.63273e+00    3.64798e-01    -6.32735e-01   
col_15     2.37547e-03    3.89022e-02    4.87388e-02    1.51900e+00    1.41677e-01    -5.18998e-01   
col_16     2.96609e-03    4.32041e-02    5.44618e-02    1.22379e+00    2.10844e-01    -2.23792e-01   
col_17     2.74756e-03    3.97309e-02    5.24172e-02    9.92335e-01    3.82674e-01    7.66449e-03    
col_18     2.24391e-03    3.10401e-02    4.73699e-02    1.05725e+00    3.80397e-01    -5.72495e-02   
col_19     2.67015e-03    3.43182e-02    5.16735e-02    1.03461e+00    3.57954e-01    -3.46132e-02   
col_20     2.38225e-03    3.80852e-02    4.88083e-02    1.10869e+00    2.02899e-01    -1.08691e-01   
col_21     2.40609e-03    3.47482e-02    4.90519e-02    9.91836e-01    3.34138e-01    8.16439e-03    
col_22     3.22737e-03    3.93013e-02    5.68100e-02    9.19627e-01    3.70621e-01    8.03726e-02    
col_23     3.74111e-03    3.76370e-02    6.11646e-02    9.50379e-01    3.13071e-01    4.96208e-02    
col_24     4.53871e-03    4.18775e-02    6.73699e-02    9.41074e-01    3.10158e-01    5.89261e-02    
col_25     2.88655e-03    4.18662e-02    5.37266e-02    1.12855e+00    2.66795e-01    -1.28554e-01   
col_26     2.10223e-03    3.54465e-02    4.58501e-02    1.48420e+00    1.78602e-01    -4.84205e-01   
col_27     2.47124e-03    3.81235e-02    4.97115e-02    1.31028e+00    2.47098e-01    -3.10277e-01   
col_28     2.92666e-03    4.00088e-02    5.40986e-02    1.31346e+00    1.85029e-01    -3.13460e-01   
col_29     3.56323e-03    4.23344e-02    5.96928e-02    1.22669e+00    1.78196e-01    -2.26685e-01   
col_30     4.00301e-03    4.70549e-02    6.32694e-02    1.01463e+00    2.60920e-01    -1.46321e-02   
col_31     6.60996e-03    5.72073e-02    8.13017e-02    1.07269e+00    1.56085e-01    -7.26917e-02   
col_32     9.13395e-03    7.03461e-02    9.55717e-02    9.44420e-01    3.43944e-01    5.55800e-02    
col_33     9.08062e-03    7.10723e-02    9.52923e-02    8.88674e-01    4.10820e-01    1.11326e-01    
col_34     9.32202e-03    7.32275e-02    9.65506e-02    8.41836e-01    4.65924e-01    1.58164e-01    
col_35     3.83728e-03    4.15675e-02    6.19458e-02    1.06841e+00    2.27777e-01    -6.84094e-02   
col_36     7.33362e-03    5.60493e-02    8.56365e-02    9.87627e-01    2.72371e-01    1.23735e-02    
col_37     1.04849e-02    7.01696e-02    1.02396e-01    8.64507e-01    4.46322e-01    1.35492e-01    
col_38     1.08604e-02    7.15956e-02    1.04213e-01    8.18472e-01    4.94392e-01    1.81528e-01    
col_39     1.15584e-02    7.28970e-02    1.07510e-01    7.89449e-01    5.27699e-01    2.10551e-01    
col_40     5.40404e-03    4.49688e-02    7.35121e-02    9.34435e-01    3.58410e-01    6.55653e-02    
col_41     8.69138e-03    4.93078e-02    9.32276e-02    8.66348e-01    4.24551e-01    1.33652e-01    
col_42     1.31626e-02    7.36739e-02    1.14728e-01    8.17638e-01    5.34638e-01    1.82362e-01    
col_43     1.39466e-02    7.49331e-02    1.18096e-01    7.85248e-01    5.61087e-01    2.14752e-01    
col_44     1.49720e-02    7.73896e-02    1.22360e-01    7.69218e-01    5.76653e-01    2.30782e-01    
col_45     1.16945e-02    6.59795e-02    1.08141e-01    8.78971e-01    3.83427e-01    1.21029e-01    
col_46     1.86348e-02    7.87871e-02    1.36510e-01    8.82123e-01    4.04193e-01    1.17877e-01    
col_47     2.47641e-02    9.81313e-02    1.57366e-01    8.40822e-01    5.18485e-01    1.59178e-01    
col_48     2.63444e-02    1.01011e-01    1.62310e-01    8.27278e-01    5.26372e-01    1.72722e-01    
col_49     2.85565e-02    1.03610e-01    1.68987e-01    8.31140e-01    5.31026e-01    1.68860e-01    
col_50     1.70342e-02    8.04371e-02    1.30515e-01    8.59801e-01    4.40779e-01    1.40199e-01    
col_51     1.79837e-02    7.95127e-02    1.34103e-01    8.40950e-01    5.02617e-01    1.59050e-01    
col_52     2.41344e-02    1.05702e-01    1.55353e-01    8.41951e-01    5.20502e-01    1.58049e-01    
col_53     2.58114e-02    1.12881e-01    1.60659e-01    8.36264e-01    5.10447e-01    1.63736e-01    
col_54     2.78800e-02    1.18367e-01    1.66973e-01    8.38653e-01    5.04058e-01    1.61346e-01    
col_55     1.25755e-02    9.27800e-02    1.12141e-01    9.44290e-01    3.38902e-01    5.57103e-02    
col_56     1.55897e-02    9.35551e-02    1.24859e-01    9.49662e-01    3.21217e-01    5.03384e-02    
col_57     2.20264e-02    1.15271e-01    1.48413e-01    9.30523e-01    3.36753e-01    6.94774e-02    
col_58     2.42190e-02    1.22792e-01    1.55625e-01    9.29345e-01    3.31724e-01    7.06553e-02    
col_59     2.61280e-02    1.28543e-01    1.61642e-01    9.28316e-01    3.29794e-01    7.16841e-02    
col_60     6.29808e-03    5.62259e-02    7.93604e-02    1.08683e+00    1.46462e-01    -8.68262e-02   
col_61     8.03994e-03    6.81155e-02    8.96657e-02    1.03968e+00    2.19276e-01    -3.96827e-02   
col_62     8.54624e-03    7.47408e-02    9.24459e-02    9.11552e-01    3.83870e-01    8.84477e-02    
col_63     6.93966e-03    6.36340e-02    8.33046e-02    8.50959e-01    4.41122e-01    1.49041e-01    
col_64     6.05600e-03    5.37871e-02    7.78203e-02    8.10804e-01    4.75264e-01    1.89196e-01    
col_65     3.83593e-03    4.72462e-02    6.19349e-02    1.33060e+00    4.69957e-02    -3.30597e-01   
col_66     4.94720e-03    5.42199e-02    7.03364e-02    9.57644e-01    3.23072e-01    4.23561e-02    
col_67     5.89044e-03    6.05407e-02    7.67492e-02    8.34756e-01    4.83005e-01    1.65244e-01    
col_68     5.03298e-03    5.05970e-02    7.09435e-02    7.69068e-01    5.31010e-01    2.30932e-01    
col_69     4.90768e-03    4.31677e-02    7.00548e-02    7.43604e-01    5.42305e-01    2.56396e-01    
col_70     5.02286e-03    4.81540e-02    7.08722e-02    9.14336e-01    3.17425e-01    8.56643e-02    
col_71     8.31786e-03    5.73266e-02    9.12023e-02    9.13423e-01    3.30761e-01    8.65775e-02    
col_72     1.03182e-02    6.29445e-02    1.01579e-01    8.34629e-01    4.82632e-01    1.65371e-01    
col_73     1.04965e-02    5.61703e-02    1.02452e-01    8.13160e-01    4.91266e-01    1.86840e-01    
col_74     1.15817e-02    5.82206e-02    1.07618e-01    8.18437e-01    4.74613e-01    1.81563e-01    
col_75     5.30888e-03    4.70179e-02    7.28620e-02    8.58500e-01    4.23191e-01    1.41500e-01    
col_76     8.89112e-03    6.47623e-02    9.42927e-02    8.97393e-01    3.86114e-01    1.02607e-01    
col_77     1.19019e-02    7.61150e-02    1.09096e-01    8.49492e-01    4.59870e-01    1.50508e-01    
col_78     1.29835e-02    7.77328e-02    1.13945e-01    8.43109e-01    4.43049e-01    1.56891e-01    
col_79     1.42789e-02    8.17773e-02    1.19494e-01    8.37379e-01    4.46190e-01    1.62621e-01    
col_80     1.18188e-02    6.64525e-02    1.08714e-01    9.06413e-01    3.22869e-01    9.35870e-02    
col_81     1.46345e-02    7.31167e-02    1.20973e-01    9.24296e-01    2.98815e-01    7.57038e-02    
col_82     2.51177e-02    9.61984e-02    1.58486e-01    8.94075e-01    3.82567e-01    1.05925e-01    
col_83     2.61434e-02    9.90609e-02    1.61689e-01    8.97838e-01    3.74166e-01    1.02162e-01    
col_84     2.11008e-02    9.68091e-02    1.45261e-01    9.09251e-01    3.15028e-01    9.07492e-02    
col_85     1.76772e-02    8.52177e-02    1.32956e-01    9.54907e-01    2.13510e-01    4.50933e-02    
col_86     2.26186e-02    9.14771e-02    1.50395e-01    9.51021e-01    2.31397e-01    4.89793e-02    
col_87     2.77772e-02    1.05077e-01    1.66665e-01    9.35930e-01    2.69808e-01    6.40704e-02    
col_88     1.77668e-02    9.79563e-02    1.33292e-01    9.23995e-01    3.01311e-01    7.60045e-02    
col_89     1.92395e-02    1.02656e-01    1.38706e-01    9.20488e-01    2.99458e-01    7.95123e-02    

Deep learning approximation completed in: 23.846 seconds

Calibration completed in: 0.269 seconds

The solver required 3 iterations

RMSQE 0.04092695314619655

1.1106367083367357 v0[0]
0.6576570898620545 beta[0]
0.43082283031066315 b[0]
2.1473266959453925 sigma[0]
1.720836931976139 eta[0]
1.9338108922530208 theta[0]
1.169744431243138 alpha[0]
-0.16220498625042462 betaL[0]
3.0313112497557775 G[0]
0.7952916549050137 M[0]
1.7675225957049536 Y[0]
0.18548871133506212 v0[1]
1.7782134435846586 beta[1]
-0.7346740424362226 b[1]
1.117385943837662 sigma[1]
2.1855469106338523 eta[1]
0.6527332849496401 theta[1]
1.112235863119135 alpha[1]
0.8806490963690022 betaL[1]
0.5971133522709949 G[1]
0.22820681111291158 M[1]
1.238991817839428 Y[1]
1.2466107966349491 zetaJPY[0]
0.27244472572350126 zetaUSD[0]
0.09735208284570927 zetaEUR[0]
1.0612566147782228 zetaJPY[1]
0.06046963316151032 zetaUSD[1]
0.024422059106779068 zetaEUR[1]
0.9792657306942801 lambdaJPY[0]
0.3286283593351848 lambdaUSD[0]
0.16260336313238147 lambbaEUR[0]
0.7639031906349422 lambdaJPY[1]
-0.014838597853094528 lambdaUSD[1]
0.04049588555079495 lambdaEUR[1]

Calibration results: comparison table between market and neural network prices/impl vols

Calibration results for EURUSD

Strike			Maturity		Market Value		Neural Network Value	Squared Error
1.0736665485947974	0.019178082191780823	0.09563750000000001	0.11777812242507935	4.902071613699258E-4
1.0832493552102738	0.019178082191780823	0.08641249999999999	0.12276852130889893	0.0013217602854131134
1.092019466260985	0.019178082191780823	0.08145			0.13068348169326782	0.002423935719641338
1.1005303661154329	0.019178082191780823	0.0830875		0.15304845571517944	0.0048945353245812995
1.1095108545186112	0.019178082191780823	0.08946249999999999	0.16649015247821808	0.0059332592463051375
1.0901695159533655	0.038356164383561646	0.0957875		0.04700109735131264	0.002380113083399849
1.1042668007956644	0.038356164383561646	0.08443749999999998	0.040888573974370956	0.0018965089579857093
1.1166308654893506	0.038356164383561646	0.078175		0.04920092970132828	8.394967496723705E-4
1.128517131608227	0.038356164383561646	0.08011249999999999	0.06361845880746841	2.720533948609284E-4
1.1415350335611791	0.038356164383561646	0.0877625		0.0950080081820488	5.249738881613617E-5
1.0924070710388567	0.08333333333333333	0.0984			0.054761458188295364	0.0019043223314518939
1.114045792484283	0.08333333333333333	0.085725		0.035753075033426285	0.002497193284864873
1.1327434049550982	0.08333333333333333	0.07885			0.030062563717365265	0.0023802139390321445
1.1506679179112815	0.08333333333333333	0.08057500000000001	0.06345852464437485	2.9297372859972344E-4
1.170787899495015	0.08333333333333333	0.0891			0.09565731883049011	4.299843024470023E-5
1.0276082002234361	0.25			0.09882500000000001	0.06000807136297226	0.001506753948812105
1.0636364621501644	0.25			0.08462500000000002	0.05266818031668663	0.001021238324271806
1.0942585784210839	0.25			0.07690000000000001	0.0587337426841259	3.300129048665496E-4
1.1237196462929744	0.25			0.07867500000000001	0.06879352033138275	9.764364044129623E-5
1.1580572459547283	0.25			0.088075		0.09146975725889206	1.1524376846800325E-5
1.0013144785277734	0.5			0.10085000000000001	0.05759391561150551	0.0018710888366245577
1.052721141626843	0.5			0.08511250000000001	0.0441376231610775	0.0016789405319648683
1.0959543709704656	0.5			0.07655			0.05011124908924103	6.990075497211588E-4
1.1375198977428984	0.5			0.07793750000000002	0.06031982600688934	3.1038243692752833E-4
1.1869821738969657	0.5			0.08755			0.08687745779752731	4.523130141068162E-7
0.9653754927945374	1.0			0.10387500000000001	0.07024982571601868	0.0011306523456281194
1.038269302786766	1.0			0.0870625		0.04603713005781174	0.0016830809788934043
1.100241850177062	1.0			0.078			0.049340054392814636	8.213924822068236E-4
1.1608005301886808	1.0			0.0792875		0.06580744683742523	1.8171183326584191E-4
1.2348531928649114	1.0			0.089325		0.08840074390172958	8.542493351900563E-7

Calibration results for EURJPY

Strike			Maturity		Market Value		Neural Network Value	Squared Error
114.22963028417423	0.019178082191780823	0.150925		0.07500983774662018	0.005763111859956985
116.08153529139031	0.019178082191780823	0.11357499999999998	0.06077807769179344	0.0027875150052187976
117.31497367803952	0.019178082191780823	0.09392499999999998	0.06992477923631668	5.76010596705535E-4
118.26038325033285	0.019178082191780823	0.08607499999999998	0.10888323932886124	5.202157812826131E-4
119.40678776105385	0.019178082191780823	0.099525		0.1461993306875229	0.0021784931451282407
113.18017202328735	0.038356164383561646	0.1442125		0.07073679566383362	0.0053986791276957385
115.56010762444403	0.038356164383561646	0.1153875		0.05946844071149826	0.0031269411917109733
117.32508885513762	0.038356164383561646	0.094375		0.06882164627313614	6.529738866902272E-4
118.64222676330878	0.038356164383561646	0.08476249999999999	0.1069449931383133	4.920630018313167E-4
119.99868210078732	0.038356164383561646	0.0898375		0.1351921111345291	0.002057040751164352
111.24886090978765	0.08333333333333333	0.145675		0.07152204215526581	0.005498661157122926
114.70057494889274	0.08333333333333333	0.1183125		0.05699692666530609	0.003759599533362227
117.34931285065109	0.08333333333333333	0.0951			0.07042667269706726	6.087730801976463E-4
119.27061222617105	0.08333333333333333	0.0838375		0.10546033829450607	4.675471359103585E-4
120.97601384481221	0.08333333333333333	0.08252500000000002	0.13113917410373688	0.00236333792378844
106.5544296105295	0.25			0.154675		0.0967712476849556	0.003352844532162011
112.72269589869013	0.25			0.12383749999999999	0.0786915123462677	0.0020381602012309484
117.44318894366741	0.25			0.09705			0.09137705713510513	3.218228074836155E-5
120.77829648932939	0.25			0.0839125		0.12364865839481354	0.0015789622839777102
123.66173835127871	0.25			0.081075		0.13717080652713776	0.0031467395099300717
102.16056564352186	0.5			0.1595625		0.10521269589662552	0.0029539012060751813
110.86738944725796	0.5			0.1267625		0.08672972768545151	0.0016026228591884803
117.58644908112925	0.5			0.09795			0.10529027134180069	5.387958337126056E-5
122.30178450902785	0.5			0.08378749999999999	0.13624988496303558	0.0027523018360097436
126.4028531242797	0.5			0.0806375		0.15503692626953125	0.005535274629235416
96.25913015092581	1.0			0.1649			0.1405031532049179	5.952061335427069E-4
108.37858355444538	1.0			0.12983750000000002	0.10393867641687393	6.707490629898882E-4
117.88077128916112	1.0			0.09897500000000001	0.11921253055334091	4.095576428974066E-4
124.59694434569336	1.0			0.08416250000000002	0.14782167971134186	0.0040524911615209165
130.48376402131106	1.0			0.08055			0.16967035830020905	0.00794243826355764

Calibration results for USDJPY

Strike			Maturity		Market Value		Neural Network Value	Squared Error
105.30476233695445	0.019178082191780823	0.11247499999999999	0.08034966886043549	0.0010320369008266729
106.46505440574764	0.019178082191780823	0.0960375		0.07414328306913376	4.793567350158299E-4
107.42182598288703	0.019178082191780823	0.08199999999999999	0.08118537813425064	6.636087841569499E-7
108.17805214717387	0.019178082191780823	0.0752125		0.10664787888526917	9.881830456604263E-4
108.85279052133608	0.019178082191780823	0.074625		0.12214960157871246	0.0022585877552153593
104.348487456532	0.038356164383561646	0.116425		0.06912101060152054	0.0022376674130114575
106.04079825876437	0.038356164383561646	0.09887499999999999	0.06095871701836586	0.001437644515143358
107.42913106591406	0.038356164383561646	0.08355			0.06980382651090622	1.8895728559226467E-4
108.49629613950225	0.038356164383561646	0.07502500000000001	0.09425032138824463	3.6961298248129604E-4
109.40867035392269	0.038356164383561646	0.072875		0.1065579205751419	0.0011345391384713183
102.616733972536	0.08333333333333333	0.125275		0.0678396075963974	0.003298824300555811
105.28619167006954	0.08333333333333333	0.10513750000000001	0.05996052548289299	0.002040959026519337
107.44824806207954	0.08333333333333333	0.08715			0.07010947912931442	2.903793515442709E-4
109.06181664671308	0.08333333333333333	0.07691250000000001	0.09254640340805054	2.4441893577225395E-4
110.41341677644552	0.08333333333333333	0.073825		0.10817444324493408	0.0011798842512369474
98.88902086988593	0.25			0.13245			0.0806523934006691	0.0026829920494190495
103.7241446335822	0.25			0.10792500000000001	0.07414323836565018	0.0011412074191200301
107.51365654683141	0.25			0.0868			0.08433283120393753	6.086921868264346E-6
110.24042781110688	0.25			0.074975		0.10353599488735199	8.157304289553465E-4
112.51625101015048	0.25			0.07145			0.12350065261125565	0.0027092704372576144
95.29380256622512	0.5			0.137275		0.09356871247291565	0.0019102395694001698
102.2487565742581	0.5			0.10953750000000001	0.07740120589733124	0.0010327413986532237
107.60927912269112	0.5			0.08615			0.08611255884170532	1.4018403344474412E-9
111.36997740160989	0.5			0.0731125		0.10367505252361298	9.34069616758602E-4
114.57611977337466	0.5			0.06992499999999999	0.12386564910411835	0.002909593625773625
90.539424617409		1.0			0.14104999999999998	0.11093874275684357	9.066878127635396E-4
100.26698495302524	1.0			0.11109999999999999	0.0863015353679657	6.149638481062556E-4
107.80738205426069	1.0			0.08654999999999999	0.09426775574684143	5.956375376790411E-5
113.13453545550729	1.0			0.07309999999999998	0.1163112074136734	0.0018672084461475043
117.92439736975528	1.0			0.07094999999999999	0.13454435765743256	0.004044242325861452


