Deep:

%EURUSD
sigma_imp_mod_1 = [0.11777812242507935 0.04700109735131264 0.054761458188295364 0.06000807136297226 0.05759391561150551 0.07024982571601868;
    0.12276852130889893 0.040888573974370956 0.035753075033426285 0.05266818031668663 0.0441376231610775 0.04603713005781174;
    0.13068348169326782 0.04920092970132828 0.030062563717365265 0.0587337426841259 0.05011124908924103 0.049340054392814636;
    0.15304845571517944 0.06361845880746841 0.06345852464437485 0.06879352033138275 0.06031982600688934 0.06580744683742523;
    0.16649015247821808 0.0950080081820488 0.09565731883049011 0.09146975725889206 0.08687745779752731 0.08840074390172958];

%EURJPY
sigma_imp_mod_2 = [0.07500983774662018 0.07073679566383362 0.07152204215526581 0.0967712476849556 0.10521269589662552 0.1405031532049179;
    0.06077807769179344 0.05946844071149826 0.05699692666530609 0.0786915123462677 0.08672972768545151 0.10393867641687393;
    0.06992477923631668 0.06882164627313614 0.07042667269706726 0.09137705713510513 0.10529027134180069 0.11921253055334091;
    0.10888323932886124 0.1069449931383133 0.10546033829450607 0.12364865839481354 0.13624988496303558 0.14782167971134186;
    0.1461993306875229 0.1351921111345291 0.13113917410373688 0.13717080652713776 0.15503692626953125 0.16967035830020905];

%USDJPY
sigma_imp_mod_3 = [0.08034966886043549 0.06912101060152054 0.0678396075963974 0.0806523934006691 0.09356871247291565 0.11093874275684357;
    0.07414328306913376 0.06095871701836586 0.05996052548289299 0.07414323836565018 0.07740120589733124 0.0863015353679657;
    0.08118537813425064 0.06980382651090622 0.07010947912931442 0.08433283120393753 0.08611255884170532 0.09426775574684143;
    0.10664787888526917 0.09425032138824463 0.09254640340805054 0.10353599488735199 0.10367505252361298 0.1163112074136734;
    0.12214960157871246 0.1065579205751419 0.10817444324493408 0.12350065261125565 0.12386564910411835 0.13454435765743256];

Standard:

%EURUSD
sigma_imp_mod_1 = [0.1362482203309945 0.010042868165594965 0.008836223373631436 0.026140522206411942 0.0413257692848521 0.023655470310850413;
    0.2022814142150016 0.0068627085194555015 0.03426784770432367 0.009519741726910641 0.008601399996671977 0.009674284701551628;
    0.23138025524248756 0.061594903335129354 0.003937782005309323 0.062462000146541984 0.043234303888998814 0.029010392773357256;
    0.24501966244117057 0.057001868303920455 0.037127523727463224 0.05675042635574755 0.03135196619916064 0.029790457791679017;
    0.2460979509958413 0.07215951751868864 0.06587560897616804 0.06035083627646569 0.056767696677831284 0.05406060751228826];

%EURJPY
sigma_imp_mod_2 = [0.012361820726951467 0.06782122633374753 0.044873816782510206 0.06475396600783273 0.0461048487286368 0.056412409515465584;
    0.018090898004541476 0.005655595124530607 0.010338475188437078 0.004441380337898954 0.01526532823925542 0.015512653151173516;
    0.004324955428712158 0.0033747108609471286 0.002667512066549388 0.002891116755248815 0.0033289715617006894 0.0037432117932234416;
    0.04088970196909715 0.0368533716042983 0.03264482165960273 0.030225347192731726 0.02911688093655959 0.02751534599353003;
    0.07506853152570399 0.06390441048132253 0.05401157650870147 0.04925234354205266 0.047159801984239906 0.04438815556742302];

%USDJPY
sigma_imp_mod_3 = [0.021537873012124217 0.037152832623132716 0.04304330767539752 0.06407134485062647 0.11466562733598099 0.054767001930683124;
    0.023293807305189793 0.027602975423882896 0.03168351012516203 0.018889739893308218 0.007584636824373169 0.025466074942982433;
    0.0035181805615426627 0.0030479349057687937 0.0030162184327409275 0.0026952903852256595 0.0026927054961436493 0.0031537034380135494;
    0.034006580136662565 0.03160981149694524 0.030355308669427056 0.025420340981762234 0.02302854883424702 0.022588053889646464;
    0.05403769040858056 0.049224954941229096 0.04701735740595984 0.04112846161033472 0.03728532563811858 0.036543990944975346];
