Calibration completed in: 709.977 seconds

The solver required 3 iterations

RMSQE 0.07557076140820339

Calibrated parameters:

1.103976358577566 v0[0]
0.37721098948563225 beta[0]
0.43082283031066315 b[0]
2.1473266959453925 sigma[0]
1.720836931976139 eta[0]
1.9338108922530208 theta[0]
1.169744431243138 alpha[0]
-0.16220498625042462 betaL[0]
3.0313112497557775 G[0]
0.7952916549050137 M[0]
1.7675225957049536 Y[0]
0.19652225714499114 v0[1]
1.7524223752361439 beta[1]
-0.7346740424362226 b[1]
1.117385943837662 sigma[1]
2.1855469106338523 eta[1]
0.6527332849496401 theta[1]
1.112235863119135 alpha[1]
0.8806490963690022 betaL[1]
0.5971133522709949 G[1]
0.22820681111291158 M[1]
1.238991817839428 Y[1]
1.2322774542448178 zetaJPY[0]
0.27244472572350126 zetaUSD[0]
0.08974741606518699 zetaEUR[0]
1.0759573883660312 zetaJPY[1]
0.0921840045562841 zetaUSD[1]
0.025973189721859403 zetaEUR[1]
0.9792657306942801 lambdaJPY[0]
0.3286283593351848 lambdaUSD[0]
0.16260336313238147 lambdaEUR[0]
0.7639031906349422 lambdaJPY[1]
-0.014838597853094528 lambdaUSD[1]
0.04049588555079495 lambdaEUR[1]

Calibration results for EURUSD

Strike			Maturity		Market Value		Model Value		Squared Error
1.0736665485947974	0.019178082191780823	0.09563750000000001	0.1362482203309945	0.00164923060580225
1.0832493552102738	0.019178082191780823	0.08641249999999999	0.2022814142150016	0.0134256052813634
1.092019466260985	0.019178082191780823	0.08145			0.23138025524248756	0.022479081437077473
1.1005303661154329	0.019178082191780823	0.0830875		0.24501966244117057	0.02622202523287366
1.1095108545186112	0.019178082191780823	0.08946249999999999	0.2460979509958413	0.024534664508670603
1.0901695159533655	0.038356164383561646	0.0957875		0.010042868165594965	0.007352141888417665
1.1042668007956644	0.038356164383561646	0.08443749999999998	0.0068627085194555015	0.006017848273249957
1.1166308654893506	0.038356164383561646	0.078175		0.061594903335129354	2.7489960541645454E-4
1.128517131608227	0.038356164383561646	0.08011249999999999	0.057001868303920455	5.34101297391836E-4
1.1415350335611791	0.038356164383561646	0.0877625		0.07215951751868864	2.43453062312109E-4
1.0924070710388567	0.08333333333333333	0.0984			0.008836223373631436	0.008021670083578044
1.114045792484283	0.08333333333333333	0.085725		0.03426784770432367	0.002647838522380427
1.1327434049550982	0.08333333333333333	0.07885			0.003937782005309323	0.0056118404048840585
1.1506679179112815	0.08333333333333333	0.08057500000000001	0.037127523727463224	0.0018876831944526467
1.170787899495015	0.08333333333333333	0.0891			0.06587560897616804	5.393723384278466E-4
1.0276082002234361	0.25			0.09882500000000001	0.026140522206411942	0.005283033312126597
1.0636364621501644	0.25			0.08462500000000002	0.009519741726910641	0.005640799820267461
1.0942585784210839	0.25			0.07690000000000001	0.062462000146541984	2.08455839768454E-4
1.1237196462929744	0.25			0.07867500000000001	0.05675042635574755	4.806869294822496E-4
1.1580572459547283	0.25			0.088075		0.06035083627646569	7.686292541693359E-4
1.0013144785277734	0.5			0.10085000000000001	0.0413257692848521	0.003543134042230158
1.052721141626843	0.5			0.08511250000000001	0.008601399996671977	0.005853948423719262
1.0959543709704656	0.5			0.07655			0.043234303888998814	0.00110993560736058
1.1375198977428984	0.5			0.07793750000000002	0.03135196619916064	0.0021702119595091484
1.1869821738969657	0.5			0.08755			0.056767696677831284	9.475501978179994E-4
0.9653754927945374	1.0			0.10387500000000001	0.023655470310850413	0.0064351729435483535
1.038269302786766	1.0			0.0870625		0.009674284701551628	0.005988935867078999
1.100241850177062	1.0			0.078			0.029010392773357256	0.002399981616220727
1.1608005301886808	1.0			0.0792875		0.029790457791679017	0.002449957187372308
1.2348531928649114	1.0			0.089325		0.05406060751228826	0.0012435773775273805

Calibration results for EURJPY

Strike			Maturity		Market Value		Model Value	Squared Error
114.22963028417423	0.019178082191780823	0.150925		0.012361820726951467	0.019199754650254988
116.08153529139031	0.019178082191780823	0.11357499999999998	0.018090898004541476	0.009117213733879123
117.31497367803952	0.019178082191780823	0.09392499999999998	0.004324955428712158	0.008028167987176765
118.26038325033285	0.019178082191780823	0.08607499999999998	0.04088970196909715	0.0020417111581415115
119.40678776105385	0.019178082191780823	0.099525		0.07506853152570399	5.981188502342348E-4
113.18017202328735	0.038356164383561646	0.1442125		0.06782122633374753	0.005835626692352277
115.56010762444403	0.038356164383561646	0.1153875		0.005655595124530607	0.012041090947599064
117.32508885513762	0.038356164383561646	0.094375		0.0033747108609471286	0.008281052623391225
118.64222676330878	0.038356164383561646	0.08476249999999999	0.0368533716042983	0.00229528458363583
119.99868210078732	0.038356164383561646	0.0898375		0.06390441048132253	6.725251319837391E-4
111.24886090978765	0.08333333333333333	0.145675		0.044873816782510206	0.010160878538045946
114.70057494889274	0.08333333333333333	0.1183125		0.010338475188437078	0.011658390034008008
117.34931285065109	0.08333333333333333	0.0951			0.002667512066549388	0.008543764825567493
119.27061222617105	0.08333333333333333	0.0838375		0.03264482165960273	0.0026206903156633793
120.97601384481221	0.08333333333333333	0.08252500000000002	0.05401157650870147	8.130153191941358E-4
106.5544296105295	0.25			0.154675		0.06475396600783273	0.008085792354220503
112.72269589869013	0.25			0.12383749999999999	0.004441380337898954	0.014255433390366749
117.44318894366741	0.25			0.09705			0.002891116755248815	0.008865895293898684
120.77829648932939	0.25			0.0839125		0.030225347192731726	0.002882310376550974
123.66173835127871	0.25			0.081075		0.04925234354205266	0.0010126814640405374
102.16056564352186	0.5			0.1595625		0.0461048487286368	0.012872638632014264
110.86738944725796	0.5			0.1267625		0.01526532823925542	0.01243161931064498
117.58644908112925	0.5			0.09795			0.0033289715617006894	0.008953139022721447
122.30178450902785	0.5			0.08378749999999999	0.02911688093655959	0.0029888765887798124
126.4028531242797	0.5			0.0806375		0.047159801984239906	0.0011207562644344274
96.25913015092581	1.0			0.1649			0.056412409515465584	0.01176955728914004
108.37858355444538	1.0			0.12983750000000002	0.015512653151173516	0.013070170607007636
117.88077128916112	1.0			0.09897500000000001	0.0037432117932234416	0.009069093485060348
124.59694434569336	1.0			0.08416250000000002	0.02751534599353003	0.003208900057032728
130.48376402131106	1.0			0.08055			0.04438815556742302	0.0013076789927658986

Calibration results for USDJPY

Strike			Maturity		Market Value		Model Value		Squared Error
105.30476233695445	0.019178082191780823	0.11247499999999999	0.021537873012124217	0.008269561064809045
106.46505440574764	0.019178082191780823	0.0960375		0.023293807305189793	0.005291644826876984
107.42182598288703	0.019178082191780823	0.08199999999999999	0.0035181805615426627	0.006159395982370617
108.17805214717387	0.019178082191780823	0.0752125		0.034006580136662565	0.0016979278317837867
108.85279052133608	0.019178082191780823	0.074625		0.05403769040858056	4.2383731621295083E-4
104.348487456532	0.038356164383561646	0.116425		0.037152832623132716	0.006284076520626063
106.04079825876437	0.038356164383561646	0.09887499999999999	0.027602975423882896	0.005079701487178638
107.42913106591406	0.038356164383561646	0.08355			0.0030479349057687937	0.006480582484435838
108.49629613950225	0.038356164383561646	0.07502500000000001	0.03160981149694524	0.0018848785927557787
109.40867035392269	0.038356164383561646	0.072875		0.049224954941229096	5.593246312818939E-4
102.616733972536	0.08333333333333333	0.125275		0.04304330767539752	0.006762051222568086
105.28619167006954	0.08333333333333333	0.10513750000000001	0.03168351012516203	0.0053954886285328
107.44824806207954	0.08333333333333333	0.08715			0.0030162184327409275	0.007078493200807263
109.06181664671308	0.08333333333333333	0.07691250000000001	0.030355308669427056	0.0021675720645915777
110.41341677644552	0.08333333333333333	0.073825		0.04701735740595984	7.186497014497965E-4
98.88902086988593	0.25			0.13245			0.06407134485062647	0.0046756404800369486
103.7241446335822	0.25			0.10792500000000001	0.018889739893308218	0.007927277542266261
107.51365654683141	0.25			0.0868			0.0026952903852256595	0.007073602179385516
110.24042781110688	0.25			0.074975		0.025420340981762234	0.0024556642304138137
112.51625101015048	0.25			0.07145			0.04112846161033472	9.193956903159454E-4
95.29380256622512	0.5			0.137275		0.11466562733598099	5.111837322604906E-4
102.2487565742581	0.5			0.10953750000000001	0.007584636824373169	0.010394386309708088
107.60927912269112	0.5			0.08615			0.0026927054961436493	0.006965120005903413
111.36997740160989	0.5			0.0731125		0.02302854883424702	0.002508402164373529
114.57611977337466	0.5			0.06992499999999999	0.03728532563811858	0.0010653483424496585
90.539424617409		1.0			0.14104999999999998	0.054767001930683124	0.007444755755829736
100.26698495302524	1.0			0.11109999999999999	0.025466074942982433	0.007333169120670899
107.80738205426069	1.0			0.08654999999999999	0.0031537034380135494	0.006954942280254791
113.13453545550729	1.0			0.07309999999999998	0.022588053889646464	0.002551456699855258
117.92439736975528	1.0			0.07094999999999999	0.036543990944975346	0.0011837734590944375

