Size training set = 1000

Ratio training/testing = 0.8

Batch size = 32

Number of hidden layers = 3

Number of nodes = 30

Number of epochs = 150

Activation funtions = ELU and SIGMOID

nIn = 26

nOut = 90

Deep learning approximation starting point

Column     MSE            MAE            RMSE           RSE            PC             R^2            
col_0      1.06832e-01    2.00128e-01    3.26851e-01    1.13080e+00    1.74215e-01    -1.30801e-01   
col_1      1.09457e-01    2.54166e-01    3.30843e-01    9.79365e-01    2.15516e-01    2.06355e-02    
col_2      1.20928e-01    2.65417e-01    3.47748e-01    1.02734e+00    2.19435e-01    -2.73366e-02   
col_3      1.24522e-01    2.61032e-01    3.52876e-01    1.10196e+00    2.35630e-01    -1.01961e-01   
col_4      8.67872e-02    2.14297e-01    2.94597e-01    1.08530e+00    2.51233e-01    -8.52980e-02   
col_5      2.69238e-02    9.77325e-02    1.64085e-01    1.17724e+00    2.60536e-01    -1.77240e-01   
col_6      2.14662e-02    8.29718e-02    1.46513e-01    9.78502e-01    3.07386e-01    2.14977e-02    
col_7      2.31331e-02    1.00579e-01    1.52096e-01    1.03421e+00    3.11163e-01    -3.42054e-02   
col_8      2.18262e-02    8.42759e-02    1.47737e-01    1.01053e+00    2.74141e-01    -1.05348e-02   
col_9      2.28838e-02    8.75766e-02    1.51274e-01    1.03353e+00    2.74487e-01    -3.35277e-02   
col_10     1.27597e-02    5.13790e-02    1.12959e-01    9.87967e-01    2.63960e-01    1.20325e-02    
col_11     1.54458e-02    5.88651e-02    1.24281e-01    9.52040e-01    3.02400e-01    4.79599e-02    
col_12     1.90859e-02    7.59026e-02    1.38152e-01    9.58941e-01    3.14682e-01    4.10594e-02    
col_13     1.91379e-02    9.21389e-02    1.38340e-01    9.20945e-01    3.12398e-01    7.90551e-02    
col_14     2.02946e-02    9.88364e-02    1.42459e-01    9.19720e-01    3.12532e-01    8.02801e-02    
col_15     3.92982e-02    1.04223e-01    1.98238e-01    1.02791e+00    6.75172e-02    -2.79057e-02   
col_16     4.12524e-02    1.13387e-01    2.03107e-01    1.01370e+00    1.05021e-01    -1.36980e-02   
col_17     4.16590e-02    1.21719e-01    2.04105e-01    9.98622e-01    1.05506e-01    1.37792e-03    
col_18     3.34168e-02    1.12958e-01    1.82803e-01    1.00481e+00    6.67602e-02    -4.80837e-03   
col_19     3.90268e-02    1.28426e-01    1.97552e-01    1.00141e+00    7.54877e-02    -1.40691e-03   
col_20     4.18661e-02    1.06018e-01    2.04612e-01    1.01192e+00    2.06752e-01    -1.19234e-02   
col_21     4.59940e-02    1.17910e-01    2.14462e-01    1.00681e+00    1.44736e-01    -6.80600e-03   
col_22     4.65937e-02    1.17734e-01    2.15856e-01    1.00016e+00    1.67215e-01    -1.57170e-04   
col_23     4.80201e-02    1.25882e-01    2.19135e-01    9.93790e-01    1.56973e-01    6.21008e-03    
col_24     4.94624e-02    1.34061e-01    2.22401e-01    9.88825e-01    1.60973e-01    1.11748e-02    
col_25     2.16449e-02    9.11088e-02    1.47122e-01    1.02886e+00    1.49198e-03    -2.88552e-02   
col_26     2.68948e-02    9.29742e-02    1.63996e-01    1.01354e+00    4.86119e-02    -1.35411e-02   
col_27     3.21663e-02    1.03439e-01    1.79350e-01    1.00853e+00    7.69047e-02    -8.53490e-03   
col_28     3.59756e-02    1.15401e-01    1.89672e-01    1.00709e+00    7.38863e-02    -7.09107e-03   
col_29     3.74934e-02    1.23315e-01    1.93632e-01    1.00290e+00    8.33899e-02    -2.90262e-03   
col_30     8.81241e-02    1.92842e-01    2.96857e-01    1.33183e+00    2.97720e-01    -3.31835e-01   
col_31     5.53832e-02    1.10569e-01    2.35336e-01    1.01387e+00    2.33640e-01    -1.38732e-02   
col_32     6.01058e-02    1.30944e-01    2.45165e-01    9.52091e-01    4.12090e-01    4.79088e-02    
col_33     5.85236e-02    1.37361e-01    2.41916e-01    9.47215e-01    4.66853e-01    5.27847e-02    
col_34     5.91465e-02    1.50452e-01    2.43201e-01    9.25900e-01    5.15686e-01    7.40995e-02    
col_35     4.54379e-02    1.38114e-01    2.13162e-01    9.59279e-01    3.26388e-01    4.07213e-02    
col_36     5.38361e-02    1.10341e-01    2.32026e-01    1.04334e+00    3.29845e-01    -4.33417e-02   
col_37     7.62925e-02    1.59608e-01    2.76211e-01    1.00117e+00    5.21810e-01    -1.17071e-03   
col_38     8.91813e-02    1.79193e-01    2.98632e-01    1.09672e+00    5.80646e-01    -9.67155e-02   
col_39     8.27965e-02    1.81835e-01    2.87744e-01    1.14099e+00    6.16458e-01    -1.40987e-01   
col_40     5.23049e-02    1.52140e-01    2.28703e-01    1.43548e+00    2.10196e-01    -4.35480e-01   
col_41     5.38907e-02    1.23243e-01    2.32144e-01    1.19460e+00    4.52620e-01    -1.94601e-01   
col_42     6.02385e-02    1.42888e-01    2.45435e-01    1.04803e+00    5.93424e-01    -4.80346e-02   
col_43     5.78780e-02    1.43299e-01    2.40578e-01    1.10638e+00    6.18569e-01    -1.06382e-01   
col_44     5.61570e-02    1.44609e-01    2.36975e-01    1.11971e+00    6.26688e-01    -1.19710e-01   
col_45     5.21454e-02    1.17000e-01    2.28354e-01    1.07351e+00    3.64332e-01    -7.35073e-02   
col_46     4.37574e-02    8.69661e-02    2.09183e-01    9.44074e-01    4.12371e-01    5.59265e-02    
col_47     4.73253e-02    1.15038e-01    2.17544e-01    9.29189e-01    5.00915e-01    7.08116e-02    
col_48     4.67055e-02    1.16011e-01    2.16115e-01    9.23240e-01    5.09061e-01    7.67601e-02    
col_49     3.36995e-02    1.11928e-01    1.83574e-01    8.71239e-01    5.48760e-01    1.28761e-01    
col_50     8.86168e-02    1.56021e-01    2.97686e-01    1.16930e+00    3.47469e-01    -1.69300e-01   
col_51     6.45798e-02    1.25792e-01    2.54126e-01    9.93679e-01    3.06248e-01    6.32146e-03    
col_52     6.77725e-02    1.45020e-01    2.60332e-01    9.81608e-01    3.58175e-01    1.83925e-02    
col_53     5.74875e-02    1.45369e-01    2.39766e-01    9.83978e-01    2.86877e-01    1.60218e-02    
col_54     5.86261e-02    1.53443e-01    2.42128e-01    9.82770e-01    2.79364e-01    1.72302e-02    
col_55     2.73926e-02    1.02597e-01    1.65507e-01    9.24335e-01    3.17594e-01    7.56649e-02    
col_56     3.70628e-02    1.20729e-01    1.92517e-01    9.35286e-01    3.58720e-01    6.47143e-02    
col_57     4.60747e-02    1.39365e-01    2.14650e-01    9.36366e-01    4.27202e-01    6.36337e-02    
col_58     4.97185e-02    1.49488e-01    2.22976e-01    9.40586e-01    4.22332e-01    5.94140e-02    
col_59     5.26897e-02    1.55768e-01    2.29542e-01    9.48465e-01    4.27620e-01    5.15354e-02    
col_60     5.51760e-02    1.37111e-01    2.34896e-01    1.05852e+00    2.75851e-01    -5.85201e-02   
col_61     7.26470e-02    1.57035e-01    2.69531e-01    1.02575e+00    2.41925e-01    -2.57463e-02   
col_62     6.93224e-02    1.84446e-01    2.63291e-01    1.03736e+00    3.13106e-01    -3.73586e-02   
col_63     5.78383e-02    1.73300e-01    2.40496e-01    1.09713e+00    3.44378e-01    -9.71288e-02   
col_64     4.42423e-02    1.54125e-01    2.10339e-01    1.10163e+00    3.62773e-01    -1.01631e-01   
col_65     4.32308e-02    1.25603e-01    2.07920e-01    1.03494e+00    2.52135e-01    -3.49412e-02   
col_66     4.24390e-02    1.21057e-01    2.06007e-01    9.87734e-01    3.55974e-01    1.22660e-02    
col_67     4.16137e-02    1.43448e-01    2.03994e-01    1.00952e+00    3.53849e-01    -9.51783e-03   
col_68     3.52917e-02    1.26923e-01    1.87861e-01    1.04389e+00    3.63625e-01    -4.38875e-02   
col_69     3.49426e-02    1.13585e-01    1.86929e-01    1.07149e+00    3.45068e-01    -7.14912e-02   
col_70     2.18278e-02    8.39837e-02    1.47742e-01    9.26156e-01    2.98560e-01    7.38440e-02    
col_71     2.55476e-02    9.75958e-02    1.59836e-01    9.20629e-01    3.24490e-01    7.93711e-02    
col_72     2.98899e-02    1.11528e-01    1.72887e-01    9.20056e-01    3.32103e-01    7.99436e-02    
col_73     3.08646e-02    1.04285e-01    1.75683e-01    9.28905e-01    3.11005e-01    7.10946e-02    
col_74     3.23586e-02    1.11659e-01    1.79885e-01    9.37089e-01    2.94266e-01    6.29113e-02    
col_75     1.85539e-02    7.83961e-02    1.36213e-01    1.02932e+00    1.48640e-01    -2.93243e-02   
col_76     2.67787e-02    9.53654e-02    1.63642e-01    1.00089e+00    2.09754e-01    -8.94356e-04   
col_77     3.28085e-02    1.11849e-01    1.81131e-01    1.00247e+00    1.95886e-01    -2.47168e-03   
col_78     3.42574e-02    1.23872e-01    1.85087e-01    9.86698e-01    1.79750e-01    1.33021e-02    
col_79     3.53417e-02    1.28835e-01    1.87994e-01    9.85028e-01    1.84018e-01    1.49716e-02    
col_80     3.26916e-02    1.12273e-01    1.80808e-01    1.05707e+00    7.27963e-02    -5.70666e-02   
col_81     3.81806e-02    1.19213e-01    1.95399e-01    9.98774e-01    1.44102e-01    1.22651e-03    
col_82     4.39735e-02    1.41451e-01    2.09699e-01    9.86600e-01    1.66012e-01    1.34002e-02    
col_83     4.59219e-02    1.48918e-01    2.14294e-01    9.85199e-01    1.64263e-01    1.48014e-02    
col_84     4.70842e-02    1.53606e-01    2.16989e-01    9.84784e-01    1.71479e-01    1.52155e-02    
col_85     5.47863e-02    1.41260e-01    2.34065e-01    1.09880e+00    1.61824e-01    -9.87967e-02   
col_86     2.51668e-02    9.75939e-02    1.58640e-01    1.01888e+00    3.17558e-02    -1.88763e-02   
col_87     9.68259e-02    1.94478e-01    3.11169e-01    1.07689e+00    1.77774e-01    -7.68938e-02   
col_88     9.39511e-02    1.94761e-01    3.06514e-01    1.07066e+00    1.79629e-01    -7.06556e-02   
col_89     9.30960e-02    1.97087e-01    3.05116e-01    1.07309e+00    1.85419e-01    -7.30864e-02   

Deep learning approximation completed in: 24.388 seconds

Calibration started

Calibration completed in: 0.218 seconds

The solver required 3 iterations

RMSQE 0.04157059149756912

Calibrated parameters:

1.32341378859196 v0[0]
1.253804954160167 beta[0]
-1.563534999055588 b[0]
1.1439447333169732 sigma[0]
0.7619842636437273 eta[0]
0.43398372758765563 theta[0]
1.8677221761635534 alpha[0]
0.4496319280853409 v0[1]
0.5190453621201346 beta[1]
-0.16185161725412076 b[1]
1.1141050660525438 sigma[1]
1.0396078663609958 eta[1]
0.26945817713522313 theta[1]
1.8584473673316646 alpha[1]
0.9087318674403428 zetaJPY[0]
0.012493965313398872 zetaUSD[0]
8.720724750328184E-4 zetaEUR[0]
0.5136031458720751 zetaJPY[1]
0.06517979851996566 zetaUSD[1]
0.02995472516120675 zetaEUR[1]
0.5651678158900869 lambdaJPY[0]
0.39580752727369317 lambdaUSD[0]
0.5820112771728103 lambdaEUR[0]
1.3190326940317771 lambdaJPY[1]
0.6747242991692306 lambdaUSD[1]
1.0492819015199186 lambdaEUR[1]

Calibration results: comparison table between market and neural network prices/impl vols

Calibration results for EURUSD

Strike			Maturity		Market Value		Neural Network Value	Squared Error
1.0736665485947974	0.019178082191780823	0.09563750000000001	0.10199018567800522	4.035661532353244E-5
1.0832493552102738	0.019178082191780823	0.08641249999999999	0.19510269165039062	0.011813557760998647
1.092019466260985	0.019178082191780823	0.08145			0.20078885555267334	0.014241762444621834
1.1005303661154329	0.019178082191780823	0.0830875		0.2093760371208191	0.015948794608116507
1.1095108545186112	0.019178082191780823	0.08946249999999999	0.20111218094825745	0.012465651255847685
1.0901695159533655	0.038356164383561646	0.0957875		0.05570759251713753	0.001606398983834815
1.1042668007956644	0.038356164383561646	0.08443749999999998	0.05269091576337814	0.0010078456106929264
1.1166308654893506	0.038356164383561646	0.078175		0.06531751900911331	1.653148174310124E-4
1.128517131608227	0.038356164383561646	0.08011249999999999	0.06348990648984909	2.7631061500371076E-4
1.1415350335611791	0.038356164383561646	0.0877625		0.08030509948730469	5.561282240674821E-5
1.0924070710388567	0.08333333333333333	0.0984			0.03851163387298584	0.003586616397363297
1.114045792484283	0.08333333333333333	0.085725		0.032018862664699554	0.002884349187478152
1.1327434049550982	0.08333333333333333	0.07885			0.03621339797973633	0.0018178798318343526
1.1506679179112815	0.08333333333333333	0.08057500000000001	0.08062665909528732	2.668662125903919E-9
1.170787899495015	0.08333333333333333	0.0891			0.09800729900598526	7.933997558202602E-5
1.0276082002234361	0.25			0.09882500000000001	0.07099389284849167	7.745705252787387E-4
1.0636364621501644	0.25			0.08462500000000002	0.07477665692567825	9.69898613095415E-5
1.0942585784210839	0.25			0.07690000000000001	0.09181399643421173	2.2242728963967992E-4
1.1237196462929744	0.25			0.07867500000000001	0.0870366021990776	6.991639133561932E-5
1.1580572459547283	0.25			0.088075		0.10376157611608505	2.4606867024573E-4
1.0013144785277734	0.5			0.10085000000000001	0.07252633571624756	8.022299584587142E-4
1.052721141626843	0.5			0.08511250000000001	0.06572096049785614	3.7603180426320603E-4
1.0959543709704656	0.5			0.07655			0.07481253892183304	3.018770998145125E-6
1.1375198977428984	0.5			0.07793750000000002	0.07766667753458023	7.334480777605332E-8
1.1869821738969657	0.5			0.08755			0.09228521585464478	2.2422269190079224E-5
0.9653754927945374	1.0			0.10387500000000001	0.07755568623542786	6.927062770379972E-4
1.038269302786766	1.0			0.0870625		0.06275331228971481	5.909366071338804E-4
1.100241850177062	1.0			0.078			0.07075139135122299	5.254232734312484E-5
1.1608005301886808	1.0			0.0792875		0.07788118720054626	1.977715689907393E-6
1.2348531928649114	1.0			0.089325		0.09216383844614029	8.059003723284204E-6

Calibration results for EURJPY

Strike			Maturity		Market Value		Neural Network Value	Squared Error
114.22963028417423	0.019178082191780823	0.150925		0.11634519696235657	0.0011957627781222142
116.08153529139031	0.019178082191780823	0.11357499999999998	0.0627073273062706	0.002587520125276382
117.31497367803952	0.019178082191780823	0.09392499999999998	0.06819339096546173	6.621157035063305E-4
118.26038325033285	0.019178082191780823	0.08607499999999998	0.10947337746620178	5.474840680508601E-4
119.40678776105385	0.019178082191780823	0.099525		0.15001584589481354	0.002549325519173809
113.18017202328735	0.038356164383561646	0.1442125		0.188516765832901	0.0019628679709923595
115.56010762444403	0.038356164383561646	0.1153875		0.06457996368408203	0.0025814057464933235
117.32508885513762	0.038356164383561646	0.094375		0.06693034619092941	7.532090226997327E-4
118.64222676330878	0.038356164383561646	0.08476249999999999	0.09604236483573914	1.272353507125445E-4
119.99868210078732	0.038356164383561646	0.0898375		0.11355330795049667	5.624395467448412E-4
111.24886090978765	0.08333333333333333	0.145675		0.0830487310886383	0.003922049557758188
114.70057494889274	0.08333333333333333	0.1183125		0.039175115525722504	0.006262725621429617
117.34931285065109	0.08333333333333333	0.0951			0.047795459628105164	0.002237719539796229
119.27061222617105	0.08333333333333333	0.0838375		0.06662701815366745	2.962006853829421E-4
120.97601384481221	0.08333333333333333	0.08252500000000002	0.0770907923579216	2.9530612697223442E-5
106.5544296105295	0.25			0.154675		0.06900673359632492	0.007339051868611045
112.72269589869013	0.25			0.12383749999999999	0.04805760085582733	0.00574259311430098
117.44318894366741	0.25			0.09705			0.06091385707259178	0.001305820825670075
120.77829648932939	0.25			0.0839125		0.0773623138666153	4.290493838198528E-5
123.66173835127871	0.25			0.081075		0.09076859802007675	9.396584257483603E-5
102.16056564352186	0.5			0.1595625		0.087649866938591	0.005171426793824854
110.86738944725796	0.5			0.1267625		0.06513029336929321	0.0037985288941701375
117.58644908112925	0.5			0.09795			0.07574597001075745	4.930189477631825E-4
122.30178450902785	0.5			0.08378749999999999	0.09251222759485245	7.612087160438E-5
126.4028531242797	0.5			0.0806375		0.10059232264757156	3.9819494689603493E-4
96.25913015092581	1.0			0.1649			0.10815778374671936	0.0032196791053340644
108.37858355444538	1.0			0.12983750000000002	0.07451397180557251	0.003060692771879616
117.88077128916112	1.0			0.09897500000000001	0.07962248474359512	3.745198467493838E-4
124.59694434569336	1.0			0.08416250000000002	0.09205581247806549	6.230438187638414E-5
130.48376402131106	1.0			0.08055			0.09854354709386826	3.2376773701925485E-4

Calibration results for USDJPY

Strike			Maturity		Market Value		Neural Network Value	Squared Error
105.30476233695445	0.019178082191780823	0.11247499999999999	0.0938047394156456	3.485786302876972E-4
106.46505440574764	0.019178082191780823	0.0960375		0.07972922176122665	2.659599391132482E-4
107.42182598288703	0.019178082191780823	0.08199999999999999	0.0957144945859909	1.8808736174917416E-4
108.17805214717387	0.019178082191780823	0.0752125		0.11689901351928711	0.0017377654093937067
108.85279052133608	0.019178082191780823	0.074625		0.12694647908210754	0.0027375371733394174
104.348487456532	0.038356164383561646	0.116425		0.1032787561416626	1.728237275828739E-4
106.04079825876437	0.038356164383561646	0.09887499999999999	0.07074248790740967	7.914382366397408E-4
107.42913106591406	0.038356164383561646	0.08355			0.08040505647659302	9.89066976541952E-6
108.49629613950225	0.038356164383561646	0.07502500000000001	0.09433149546384811	3.727407670955875E-4
109.40867035392269	0.038356164383561646	0.072875		0.09066431224346161	3.164596300953733E-4
102.616733972536	0.08333333333333333	0.125275		0.09688008576631546	8.062711543383007E-4
105.28619167006954	0.08333333333333333	0.10513750000000001	0.0800102949142456	6.31376435421562E-4
107.44824806207954	0.08333333333333333	0.08715			0.09190420061349869	2.260242347339125E-5
109.06181664671308	0.08333333333333333	0.07691250000000001	0.10465298593044281	7.69534559657095E-4
110.41341677644552	0.08333333333333333	0.073825		0.10470390319824219	9.535066627264115E-4
98.88902086988593	0.25			0.13245			0.0657213032245636	0.004452718973348138
103.7241446335822	0.25			0.10792500000000001	0.055714890360832214	0.0027258955485339217
107.51365654683141	0.25			0.0868			0.06654137372970581	4.1041193835945395E-4
110.24042781110688	0.25			0.074975		0.0821499228477478	5.147951787113344E-5
112.51625101015048	0.25			0.07145			0.09291620552539825	4.6079797965863854E-4
95.29380256622512	0.5			0.137275		0.09002699702978134	0.002232373784673792
102.2487565742581	0.5			0.10953750000000001	0.07586739212274551	0.0011336761644659553
107.60927912269112	0.5			0.08615			0.09227430820465088	3.750715098555402E-5
111.36997740160989	0.5			0.0731125		0.10160776972770691	8.1198039685477E-4
114.57611977337466	0.5			0.06992499999999999	0.11158184707164764	0.00173529290795064
90.539424617409		1.0			0.14104999999999998	0.11660108715295792	5.977493394022585E-4
100.26698495302524	1.0			0.11109999999999999	0.08145291358232498	8.7894973305709E-4
107.80738205426069	1.0			0.08654999999999999	0.08974596112966537	1.0214167542332054E-5
113.13453545550729	1.0			0.07309999999999998	0.10124942660331726	7.923902180955464E-4
117.92439736975528	1.0			0.07094999999999999	0.10761482268571854	0.0013443092225751817



