Deep:

%EURUSD
sigma_imp_mod_1 = [0.10199018567800522 0.05570759251713753 0.03851163387298584 0.07099389284849167 0.07252633571624756 0.07755568623542786;
    0.19510269165039062 0.05269091576337814 0.032018862664699554 0.07477665692567825 0.06572096049785614 0.06275331228971481;
    0.20078885555267334 0.06531751900911331 0.03621339797973633 0.09181399643421173 0.07481253892183304 0.07075139135122299;
    0.2093760371208191 0.06348990648984909 0.08062665909528732 0.0870366021990776 0.07766667753458023 0.07788118720054626;
    0.20111218094825745	0.08030509948730469 0.09800729900598526 0.10376157611608505 0.09228521585464478 0.09216383844614029];

%EURJPY
sigma_imp_mod_2 = [0.11634519696235657 0.188516765832901 0.0830487310886383 0.06900673359632492 0.087649866938591 0.10815778374671936;
    0.0627073273062706 0.06457996368408203 0.039175115525722504 0.04805760085582733 0.06513029336929321 0.07451397180557251;
    0.06819339096546173 0.06693034619092941 0.047795459628105164 0.06091385707259178 0.07574597001075745 0.07962248474359512;
    0.10947337746620178 0.09604236483573914 0.06662701815366745 0.0773623138666153 0.09251222759485245 0.09205581247806549;
    0.15001584589481354 0.11355330795049667 0.0770907923579216 0.09076859802007675 0.10059232264757156 0.09854354709386826];

%USDJPY
sigma_imp_mod_3 = [0.0938047394156456 0.1032787561416626 0.09688008576631546 0.0657213032245636 0.09002699702978134 0.11660108715295792;
    0.07972922176122665 0.07074248790740967 0.0800102949142456 0.055714890360832214 0.07586739212274551 0.08145291358232498;
    0.0957144945859909 0.08040505647659302 0.09190420061349869 0.06654137372970581 0.09227430820465088 0.08974596112966537;
    0.11689901351928711 0.09433149546384811 0.10465298593044281 0.0821499228477478 0.10160776972770691 0.10124942660331726;
    0.12694647908210754 0.09066431224346161 0.10470390319824219 0.09291620552539825 0.11158184707164764 0.10761482268571854];

Standard:

%EURUSD
sigma_imp_mod_1 = [0.0033565247377131124 0.13148593079567872 0.03800298045339767 0.039566817683572536 0.04376746443778187 0.14220485632720387;
    0.004785767496171267 0.03766762387289324 0.0031168354324009537 0.054353154563822476 0.005100058679957706 0.017282973106260258;
    0.06478702064785481 0.03216513851590581 0.01411929804596486 0.021785139015172122 0.015492963410074825 0.01081426969639912;
    0.11043785749917649 0.06925766152005951 0.056534554170381834 0.05172936831559491 0.04137415643693223 0.03438503950952757;
    0.14320488960373365 0.10508961229381804 0.09189188399148526 0.0796998574242125 0.06986765118626961 0.05696578310154776];

%EURJPY
sigma_imp_mod_2 = [0.04546360057808657 0.14195749743856612 0.20608121715180283 0.03666652610971588 0.04550153309814481 0.06197082578831592;
    0.02920059686627119 0.0211316808105117 0.008003436677734371 0.053887628119087705 0.06802070275350161 0.041983644218434535;
    0.03990059582470837 0.04854131759951182 0.014731018830405269 0.09873057818505543 0.06530381731987676 0.05486501943036566;
    0.06033309048438542 0.06565943503290635 0.061725336327569554 0.17553919498924062 0.11789811136302113 0.08032567302747912;
    0.11220449547073905 0.09707033556392215 0.13166565562164095 0.2346384486353315 0.16044838973357312 0.14186175583010804];

%USDJPY
sigma_imp_mod_3 = [0.0591002294888649 0.0032657469190544575 0.125175 0.18353861290648077 0.20900950210629782 0.21427103776139783;
    0.05921291899880454 0.005736853652770345 0.07070642845902347 0.015530183788379837 0.10943750000000001 0.002156746327576009;
    0.028930923928027128 0.00976485260130936 0.02363857952877186 0.0743855349386118 0.05354191839568412 0.05899965477959387;
    0.07326939896874579 0.03634405495786647 0.058097040582280685 0.114103777703219 0.09549508141213674 0.11040565684441479;
    0.1032001830768426 0.05018706420508696 0.07965043387406513 0.156878916781601 0.1410865532707896 0.1568138752875584];

