Calibration completed in: 929.086 seconds

The solver required 36 iterations

RMSQE 0.06119683863282467

Calibrated parameters:

1.50794355509168 v0[0]
0.8741339365531244 beta[0]
-0.4780725386989857 b[0]
3.892959866510995 sigma[0]
9.500698736917219 eta[0]
0.26712189961175975 theta[0]
1.9999983945005644 alpha[0]
0.37404326877284944 v0[1]
1.6333349481798751 beta[1]
0.962907374772841 b[1]
0.19555674559124192 sigma[1]
0.5193906437247826 eta[1]
0.3011715516561028 theta[1]
1.755972598908073 alpha[1]
0.9087318674403428 zetaJPY[0]
0.04357642248363385 zetaUSD[0]
0.007092262360044722 zetaEUR[0]
0.5136031458720751 zetaJPY[1]
0.09410249786786679 zetaUSD[1]
0.030498807090013246 zetaEUR[1]
0.5629507809885235 lambdaJPY[0]
0.496947332434064 lambdaUSD[0]
0.5885169684308054 lambdaEUR[0]
1.3190326940317771 lambdaJPY[1]
0.7210467777657308 lambdaUSD[1]
0.8872762230939666 lambdaEUR[1]

Calibration results for EURUSD

Strike			Maturity		Market Value		Model Value		Squared Error
1.0736665485947974	0.019178082191780823	0.09563750000000001	0.0033565247377131124	0.008515778395358806
1.0832493552102738	0.019178082191780823	0.08641249999999999	0.004785767496171267	0.006662923459251608
1.092019466260985	0.019178082191780823	0.08145			0.06478702064785481	2.776548808900167E-4
1.1005303661154329	0.019178082191780823	0.0830875		0.11043785749917649	7.4804205533276E-4
1.1095108545186112	0.019178082191780823	0.08946249999999999	0.14320488960373365	0.0028882444403195
1.0901695159533655	0.038356164383561646	0.0957875		0.13148593079567872	0.001274377961273863
1.1042668007956644	0.038356164383561646	0.08443749999999998	0.03766762387289324	0.0021874213129449093
1.1166308654893506	0.038356164383561646	0.078175		0.03216513851590581	0.0021169073537855338
1.128517131608227	0.038356164383561646	0.08011249999999999	0.06925766152005951	1.178275184255966E-4
1.1415350335611791	0.038356164383561646	0.0877625		0.10508961229381804	3.0022882044258045E-4
1.0924070710388567	0.08333333333333333	0.0984			0.03800298045339767	0.003647799970112664
1.114045792484283	0.08333333333333333	0.085725		0.0031168354324009537	0.006824108853227525
1.1327434049550982	0.08333333333333333	0.07885			0.01411929804596486	0.004190063775462129
1.1506679179112815	0.08333333333333333	0.08057500000000001	0.056534554170381834	5.779430356868059E-4
1.170787899495015	0.08333333333333333	0.0891			0.09189188399148526	7.794616221911689E-6
1.0276082002234361	0.25			0.09882500000000001	0.039566817683572536	0.0035115321714469577
1.0636364621501644	0.25			0.08462500000000002	0.054353154563822476	9.163846261118232E-4
1.0942585784210839	0.25			0.07690000000000001	0.021785139015172122	0.0030376479013769033
1.1237196462929744	0.25			0.07867500000000001	0.05172936831559491	7.26067066871616E-4
1.1580572459547283	0.25			0.088075		0.0796998574242125	7.014301316476853E-5
1.0013144785277734	0.5			0.10085000000000001	0.04376746443778187	0.0032584158662118984
1.052721141626843	0.5			0.08511250000000001	0.005100058679957706	0.006401990765993213
1.0959543709704656	0.5			0.07655			0.015492963410074825	0.0037279617171434624
1.1375198977428984	0.5			0.07793750000000002	0.04137415643693223	0.0013368780925109309
1.1869821738969657	0.5			0.08755			0.06986765118626961	3.126654595704325E-4
0.9653754927945374	1.0			0.10387500000000001	0.14220485632720387	0.0014691778860640896
1.038269302786766	1.0			0.0870625		0.017282973106260258	0.004869182373514148
1.100241850177062	1.0			0.078			0.01081426969639912	0.0045139223564281935
1.1608005301886808	1.0			0.0792875		0.03438503950952757	0.0020162309580984373
1.2348531928649114	1.0			0.089325		0.05696578310154776	0.001047118918281077

Calibration results for EURJPY

Strike			Maturity		Market Value		Model Value	Squared Error
114.22963028417423	0.019178082191780823	0.150925		0.04546360057808657	0.011122106768028363
116.08153529139031	0.019178082191780823	0.11357499999999998	0.02920059686627119	0.007119039904172983
117.31497367803952	0.019178082191780823	0.09392499999999998	0.03990059582470837	0.0029186362464952657
118.26038325033285	0.019178082191780823	0.08607499999999998	0.06033309048438542	6.626459055100877E-4
119.40678776105385	0.019178082191780823	0.099525		0.11220449547073905	1.6076960539249192E-4
113.18017202328735	0.038356164383561646	0.1442125		0.14195749743856612	5.085036552073349E-6
115.56010762444403	0.038356164383561646	0.1153875		0.0211316808105117	0.008884159451081512
117.32508885513762	0.038356164383561646	0.094375		0.04854131759951182	0.00210072644238882
118.64222676330878	0.038356164383561646	0.08476249999999999	0.06565943503290635	3.649270911370005E-4
119.99868210078732	0.038356164383561646	0.0898375		0.09707033556392215	5.2313910294737075E-5
111.24886090978765	0.08333333333333333	0.145675		0.20608121715180283	0.003648911070590759
114.70057494889274	0.08333333333333333	0.1183125		0.008003436677734371	0.012168089451035608
117.34931285065109	0.08333333333333333	0.0951			0.014731018830405269	0.006459173134238673
119.27061222617105	0.08333333333333333	0.0838375		0.061725336327569554	4.889477822763525E-4
120.97601384481221	0.08333333333333333	0.08252500000000002	0.13166565562164095	0.002414804034924711
106.5544296105295	0.25			0.154675		0.03666652610971588	0.01392599990991387
112.72269589869013	0.25			0.12383749999999999	0.053887628119087705	0.004892984576156043
117.44318894366741	0.25			0.09705			0.09873057818505543	2.8243430360842074E-6
120.77829648932939	0.25			0.0839125		0.17553919498924062	0.008395451234651331
123.66173835127871	0.25			0.081075		0.2346384486353315	0.023581732756776098
102.16056564352186	0.5			0.1595625		0.04550153309814481	0.013009904170586105
110.86738944725796	0.5			0.1267625		0.06802070275350161	0.003450598743748726
117.58644908112925	0.5			0.09795			0.06530381731987676	0.001065773243583978
122.30178450902785	0.5			0.08378749999999999	0.11789811136302113	0.001163533807559067
126.4028531242797	0.5			0.0806375		0.16044838973357312	0.006369778120064566
96.25913015092581	1.0			0.1649			0.06197082578831592	0.010594414903899209
108.37858355444538	1.0			0.12983750000000002	0.041983644218434535	0.007718299975688107
117.88077128916112	1.0			0.09897500000000001	0.05486501943036566	0.0019456903858535196
124.59694434569336	1.0			0.08416250000000002	0.08032567302747912	1.4721241217063885E-5
130.48376402131106	1.0			0.08055			0.14186175583010804	0.003759131402970788

Calibration results for USDJPY

Strike			Maturity		Market Value		Model Value		Squared Error
105.30476233695445	0.019178082191780823	0.11247499999999999	0.0591002294888649	0.0028488661271163364
106.46505440574764	0.019178082191780823	0.0960375		0.05921291899880454	0.0013560497659136053
107.42182598288703	0.019178082191780823	0.08199999999999999	0.028930923928027128	0.0028163268351328427
108.17805214717387	0.019178082191780823	0.0752125		0.07326939896874579	3.7756416176611753E-6
108.85279052133608	0.019178082191780823	0.074625		0.1032001830768426	8.165410878750721E-4
104.348487456532	0.038356164383561646	0.116425		0.0032657469190544575	0.012805016557837483
106.04079825876437	0.038356164383561646	0.09887499999999999	0.005736853652770345	0.008674714304997966
107.42913106591406	0.038356164383561646	0.08355			0.00976485260130936	0.005444247976646505
108.49629613950225	0.038356164383561646	0.07502500000000001	0.03634405495786647	0.0014962155093525553
109.40867035392269	0.038356164383561646	0.072875		0.05018706420508696	5.147424306340963E-4
102.616733972536	0.08333333333333333	0.125275		0.125175		9.999999999997797E-9
105.28619167006954	0.08333333333333333	0.10513750000000001	0.07070642845902347	0.0011854986874598444
107.44824806207954	0.08333333333333333	0.08715			0.02363857952877186	0.004033700530273138
109.06181664671308	0.08333333333333333	0.07691250000000001	0.058097040582280685	3.540215130998428E-4
110.41341677644552	0.08333333333333333	0.073825		0.07965043387406513	3.3935679821105476E-5
98.88902086988593	0.25			0.13245			0.18353861290648077	0.0026100463687082323
103.7241446335822	0.25			0.10792500000000001	0.015530183788379837	0.00853680206277907
107.51365654683141	0.25			0.0868			0.0743855349386118	1.541189427604283E-4
110.24042781110688	0.25			0.074975		0.114103777703219	0.0015310612445479284
112.51625101015048	0.25			0.07145			0.156878916781601	0.0072980998224777115
95.29380256622512	0.5			0.137275		0.20900950210629782	0.0051458387924384445
102.2487565742581	0.5			0.10953750000000001	0.10943750000000001	1.0000000000000573E-8
107.60927912269112	0.5			0.08615			0.05354191839568412	0.001063286985913724
111.36997740160989	0.5			0.0731125		0.09549508141213674	5.00979950670929E-4
114.57611977337466	0.5			0.06992499999999999	0.1410865532707896	0.005063966663911426
90.539424617409		1.0			0.14104999999999998	0.21427103776139783	0.00536132037085605
100.26698495302524	1.0			0.11109999999999999	0.002156746327576009	0.011868632520734121
107.80738205426069	1.0			0.08654999999999999	0.05899965477959387	7.590215217635544E-4
113.13453545550729	1.0			0.07309999999999998	0.11040565684441479	0.0013917120325932335
117.92439736975528	1.0			0.07094999999999999	0.1568138752875584	0.007372605079397387

